PSNR: 24.605295181274414
SSIM: 0.8106327635031111
LPIPS: 0.20160872240861258